bus = [1	1	1.6	0.8 	0	0	 1	1	 0	 345	1	1.1 	0.9;
	   2	1	2	  1	    0	0	 1	1	 0	  345	   1   1.1	  0.9;
       3	1	3.7	1.3 	0	0	 1	1	 0	   345 	 1	 1.1     0.9;
       4	2	0	  0	    0	0	 1	1  	 0	 345	1	1.1	  0.9;
       5	3	0	  0	    0	0	 1	1.05 0	345	  1	1.1	    0.9];
branch = [1	 2	0.04	0.25	  0.5	   2	    250	   250   	0	0	1	-360	360;
	      1	 3	0.1  	0.35	   0	   0.65	    250	   250	    0 	0   1	-360	360;
          2	 3	0.08	0.30	  0.5	   2	    150	   150      0	0	1	-360	360;
          2	 4	0	    0.015      0       6	    300    300	    1.05	0	1	-360	360;
          3	 5	0	    0.03	   0	   5	    150	   150	    1.05	0	1	-360	360];
gen = [4	5	   0    3    -3	     1.04	  100	1	8	1	 0	   0   0   0	0	 0	  0	  0	  0	  0	  0;
	   5	5	  1.5	5   -2.1	 1.025	  100   1   8   1	 0	   0   0   0	0	 0	  0	  0	  0	  0	  0];
gencost = [2	1500	0	 3	 50.4395	  200.4335	  1200.6485;
	       2	2000	0	3	 200.55       500.746     1857.201];